4
2
4 2 3 0
1 3 2 0
2 4 0 3
0 1 4 2
3
0 6 0 1 0 4 0 5 0
0 0 8 3 0 5 6 0 0
2 0 0 0 0 0 0 0 1
8 0 0 4 0 7 0 0 6
0 0 6 0 0 0 3 0 0
7 0 0 9 0 1 0 0 4
5 0 0 0 0 0 0 0 2
0 0 7 2 0 6 9 0 0
0 4 0 5 0 8 0 7 0
4
0 0 1 0 0 0 0 3 0 0 0 0 0 15 0 9
0 10 0 0 1 0 2 0 16 0 3 7 6 0 8 0
0 0 4 0 0 6 0 9 0 5 0 0 0 0 16 0
0 7 0 5 12 0 8 0 0 0 0 13 0 10 0 0
0 0 0 0 5 0 0 0 0 3 0 0 7 0 0 0
0 9 0 0 11 0 7 1 0 2 0 0 0 5 0 10
4 0 7 16 0 0 10 0 6 0 0 0 0 1 0 0
0 5 0 0 0 3 0 2 0 0 4 16 0 0 15 0
5 0 0 6 0 13 0 0 4 0 0 12 0 11 0 1
0 3 0 0 0 0 0 0 0 0 15 0 9 0 12 0
8 0 16 0 3 0 0 6 0 1 0 0 2 0 0 0
0 0 0 7 0 15 4 0 0 0 10 0 0 0 0 8
11 0 0 0 10 0 0 0 0 8 0 1 0 16 0 12
0 0 2 0 0 16 0 0 5 0 0 11 0 0 1 0
0 8 0 0 2 0 0 11 0 0 6 9 0 3 0 0
0 0 6 0 0 0 3 0 0 4 0 0 8 0 14 0
5
0 18 0 0 0 0 4 0 3 0 0 2 21 11 0 12 0 17 6 20 1 0 0 0 23
0 0 0 17 0 5 0 11 0 12 0 15 24 6 14 0 2 13 0 10 20 0 0 8 9
0 7 25 11 21 17 18 0 0 0 0 5 0 22 8 4 23 0 0 9 19 15 0 0 0
12 0 3 0 0 0 0 0 16 23 17 0 0 0 18 15 0 0 0 25 0 0 24 13 22
20 0 10 0 0 0 15 0 2 0 12 19 0 0 0 0 21 14 0 1 0 0 16 7 11
0 0 7 0 16 0 23 0 0 13 0 25 18 19 0 0 0 3 5 24 0 0 0 0 0
17 11 8 14 0 0 12 0 5 16 22 0 0 0 0 0 15 19 0 0 0 25 0 0 0
21 0 0 4 2 0 0 0 19 8 0 0 0 0 3 22 0 20 12 0 0 0 0 11 0
0 0 0 9 0 0 25 15 0 4 0 0 0 0 0 0 11 0 0 0 0 3 6 10 14
0 22 0 15 20 0 0 0 0 11 9 0 0 0 0 14 0 0 25 6 0 0 2 0 1
0 20 22 3 0 0 6 2 0 15 24 0 0 4 0 0 0 7 0 0 13 9 5 25 10
0 13 0 10 0 0 22 0 0 18 0 0 0 0 0 0 1 0 19 21 0 2 0 0 8
0 0 11 0 0 0 0 19 9 0 0 0 0 0 0 0 3 2 0 0 0 0 17 0 0
2 0 0 18 0 25 14 0 13 0 0 0 0 0 0 17 0 0 9 0 0 1 0 24 0
9 4 17 21 1 0 0 24 0 0 0 16 0 0 25 11 0 15 20 0 0 7 14 19 0
11 0 1 0 0 18 2 0 0 17 0 0 0 0 7 6 0 0 0 0 10 21 0 4 0
13 12 14 2 0 0 0 0 22 0 0 0 0 0 0 25 0 9 18 0 0 23 0 0 0
0 15 0 0 0 0 24 5 0 10 23 0 0 0 0 1 14 0 0 0 16 6 0 0 19
0 0 0 24 0 0 0 9 23 0 0 0 0 0 1 21 19 0 16 0 0 12 15 17 5
0 0 0 0 0 16 20 6 0 0 0 10 25 2 0 13 0 0 22 0 9 0 11 0 0
25 10 9 0 0 15 0 7 21 0 0 0 0 17 12 0 6 0 4 0 0 0 19 0 16
14 16 2 0 0 10 0 0 0 5 6 0 0 0 9 3 12 0 0 0 0 0 21 0 18
0 0 0 22 11 9 0 0 4 6 25 24 0 10 0 0 0 0 15 8 14 17 20 2 0
6 17 0 0 24 20 0 16 11 0 19 23 4 14 0 9 0 5 0 7 0 13 0 0 0
15 0 0 0 12 23 1 18 0 14 0 21 7 5 0 0 13 0 2 0 0 0 0 9 0
